variant_id,variant_name,mode,description_variant,prompt_variant,n_queries,raw_acceptable_rate,validated_acceptable_rate,raw_exact_core_match_rate,validated_exact_core_match_rate,raw_avg_core_recall,validated_avg_core_recall,raw_avg_allowed_precision,validated_avg_allowed_precision,raw_forbidden_hit_rate,validated_forbidden_hit_rate,avg_selected_tables,stage_counts
TS00,llm_only::role_guardrails::decision_checklist,llm_only,role_guardrails,decision_checklist,40,0.875,0.925,0.825,0.8,0.9917,0.9917,0.9688,0.9854,0.05,0.0,1.77,"{""llm"": 40}"
TS01,llm_only::role_guardrails::selection_protocol,llm_only,role_guardrails,selection_protocol,40,0.9,0.9,0.875,0.8,0.9917,0.9917,0.9771,0.9771,0.0,0.0,1.8,"{""llm"": 40}"
TS02,llm_only::role_guardrails::decision_protocol,llm_only,role_guardrails,decision_protocol,40,0.85,0.9,0.8,0.775,0.9833,0.9833,0.9688,0.9854,0.05,0.0,1.75,"{""llm"": 40}"
TS04,llm_only::schema_contract::selection_protocol,llm_only,schema_contract,selection_protocol,40,0.875,0.9,0.825,0.775,0.9833,0.9833,0.9729,0.9854,0.0,0.0,1.75,"{""llm"": 40}"
TS03,llm_only::schema_contract::decision_checklist,llm_only,schema_contract,decision_checklist,40,0.8,0.875,0.75,0.75,0.9792,0.9792,0.95,0.9792,0.05,0.0,1.77,"{""llm"": 40}"
TS05,llm_only::schema_contract::decision_protocol,llm_only,schema_contract,decision_protocol,40,0.85,0.875,0.825,0.775,0.9792,0.9792,0.9688,0.9771,0.025,0.0,1.77,"{""llm"": 40}"
